0 0 0.75000
0 1 0.75000
0 2 0.75000
0 3 0.75000
0 4 0.75000
0 5 0.75000
0 6 0.75000
0 7 0.75000
0 8 0.75000
0 9 0.75000
0 10 0.75000
0 11 1.33333
0 12 0.75000
0 13 0.75000
0 14 0.75000
0 15 1.33333
0 16 0.75000
0 17 0.75000
0 18 0.75000
0 19 0.75000
0 20 0.75000
0 21 1.33333
0 22 0.75000
0 23 0.75000
0 24 0.75000
0 25 0.75000
0 26 0.75000
0 27 0.75000
0 28 0.75000
0 29 0.75000
0 30 0.75000
0 31 1.33333
0 32 0.75000
0 33 0.75000
0 34 0.75000
0 35 0.75000
0 36 0.75000
0 37 0.75000
0 38 0.75000
0 39 0.75000
0 40 0.75000
1 0 0.75000
1 1 0.75000
1 2 0.75000
2 0 0.75000
2 1 0.75000
2 2 0.75000
2 3 0.75000
3 0 0.75000
4 0 0.75000
4 1 0.75000
5 0 0.75000
5 1 0.75000
5 2 0.75000
5 3 0.75000
6 0 0.75000
6 1 0.75000
7 0 0.75000
7 1 0.75000
8 0 0.75000
8 1 0.75000
8 2 0.75000
9 0 0.75000
9 1 0.75000
10 0 1.33333
11 0 1.00000
12 0 1.33333
12 1 1.33333
12 2 1.33333
12 3 1.33333
12 4 1.33333
12 5 1.33333
12 6 1.33333
12 7 1.33333
12 8 1.33333
12 9 1.33333
12 10 1.33333
12 11 1.33333
12 12 1.00000
12 13 1.00000
12 14 1.33333
13 0 0.75000
13 1 0.75000
13 2 0.75000
13 3 0.75000
13 4 0.75000
14 0 1.33333
14 1 1.73913
14 2 1.64384
14 3 1.51899
14 4 1.73913
14 5 1.00000
15 0 1.33333
16 0 1.33333
17 0 2.06897
17 1 1.33333
17 2 1.33333
17 3 1.33333
17 4 1.33333
18 0 1.66667
18 1 0.60000
19 0 3.42857
19 1 3.75000
19 2 4.61538
19 3 3.52941
19 4 2.18182
19 5 1.69014
19 6 1.90476
20 0 2.40000
20 1 3.33333
20 2 1.66667
20 3 0.60000
20 4 2.03390
21 0 1.33333
21 1 1.33333
21 2 1.33333
21 3 1.33333
21 4 1.33333
21 5 1.33333
21 6 1.33333
21 7 1.33333
21 8 1.33333
21 9 1.33333
21 10 1.33333
22 0 1.33333
23 0 1.46341
24 0 4.00000
25 0 1.33333
25 1 1.33333
25 2 2.22222
25 3 2.92683
26 0 1.33333
26 1 1.33333
27 0 1.33333
27 1 1.33333
27 2 1.33333
27 3 1.33333
27 4 1.33333
27 5 1.33333
27 6 1.33333
28 0 1.33333
28 1 1.79104
29 0 1.33333
30 0 1.33333
30 1 1.33333
30 2 1.33333
30 3 1.33333
30 4 2.44898
30 5 2.55319
30 6 1.33333
30 7 1.87500
30 8 1.33333
30 9 1.33333
30 10 1.33333
30 11 2.55319
30 12 1.33333
30 13 0.75000
31 0 1.42857
31 1 2.44898
31 2 1.90476
31 3 3.00000
31 4 3.33333
32 0 1.60000
32 1 2.79070
32 2 1.57895
32 3 2.26415
33 0 1.33333
33 1 1.33333
34 0 0.75000
35 0 1.33333
35 1 1.33333
35 2 1.33333
36 0 1.33333
36 1 1.33333
36 2 1.33333
36 3 1.33333
37 0 2.92683
37 1 1.90476
38 0 1.33333
38 1 1.87500
38 2 1.87500
38 3 1.33333
38 4 1.33333
38 5 2.92683
39 0 0.75000
39 1 0.75000
39 2 0.75000
39 3 0.75000
39 4 0.75000
40 0 0.75000
41 0 0.75000
41 1 0.75000
41 2 0.75000
41 3 0.75000
41 4 1.33333
41 5 0.75000
41 6 0.75000
41 7 0.75000
41 8 1.33333
41 9 0.75000
41 10 0.75000
41 11 0.75000
42 0 1.33333
42 1 1.33333
42 2 1.33333
42 3 1.33333
42 4 1.33333
42 5 1.33333
43 0 1.33333
44 0 0.75000
45 0 1.33333
45 1 1.33333
46 0 1.33333
46 1 1.33333
47 0 1.33333
47 1 1.33333
48 0 1.90476
48 1 1.29032
48 2 1.29032
48 3 1.33333
48 4 1.33333
48 5 1.33333
49 0 1.33333
49 1 1.87500
49 2 1.29032
50 0 1.33333
50 1 1.33333
51 0 1.00000
52 0 0.75000
52 1 0.75000
52 2 0.75000
52 3 0.75000
52 4 0.75000
52 5 0.75000
52 6 0.75000
52 7 0.75000
52 8 0.75000
52 9 0.75000
53 0 1.33333
53 1 1.33333
54 0 1.39535
55 0 0.75000
56 0 1.33333
56 1 1.33333
57 0 1.33333
57 1 1.33333
58 0 1.33333
58 1 1.33333
58 2 1.33333
58 3 1.33333
58 4 1.33333
59 0 0.75000
60 0 1.33333
61 0 1.33333
62 0 0.75000
62 1 0.75000
62 2 0.75000
62 3 0.75000
62 4 0.75000
62 5 0.75000
63 0 1.50000
64 0 1.33333
64 1 1.33333
64 2 1.33333
64 3 1.33333
65 0 1.33333
65 1 1.33333
65 2 1.33333
65 3 1.33333
65 4 1.33333
65 5 1.33333
65 6 1.33333
66 0 1.33333
66 1 1.33333
66 2 1.33333
66 3 1.33333
66 4 1.33333
66 5 1.33333
66 6 1.33333
66 7 1.33333
66 8 1.33333
66 9 1.33333
66 10 1.33333
66 11 1.33333
67 0 1.33333
67 1 1.33333
67 2 1.33333
67 3 1.33333
67 4 1.33333
67 5 1.33333
67 6 1.87500
68 0 2.14286
68 1 1.50000
68 2 1.16505
69 0 1.50000
70 0 1.33333
70 1 1.33333
71 0 1.33333
71 1 1.33333
72 0 0.75000
72 1 0.75000
73 0 0.75000
74 0 1.33333
74 1 1.33333
74 2 1.33333
74 3 1.33333
75 0 1.50000
75 1 2.35294
76 0 1.33333
77 0 1.00000
78 0 1.33333
78 1 0.72500
78 2 0.72500
79 0 1.33333
80 0 1.33333
81 0 1.33333
81 1 1.33333
81 2 1.50000
82 0 1.33333
82 1 1.33333
83 0 1.33333
83 1 1.33333
83 2 1.33333
83 3 1.33333
83 4 1.33333
83 5 1.33333
83 6 1.33333
84 0 1.33333
85 0 1.33333
85 1 1.33333
85 2 1.33333
85 3 1.00000
86 0 0.75000
86 1 0.75000
87 0 0.75000
87 1 0.75000
87 2 0.75000
87 3 0.75000
88 0 1.33333
88 1 0.75000
88 2 0.75000
88 3 0.75000
88 4 1.33333
88 5 0.75000
88 6 0.75000
88 7 0.75000
88 8 0.75000
88 9 0.75000
88 10 1.33333
88 11 1.33333
88 12 0.75000
88 13 0.75000
88 14 0.75000
88 15 0.75000
88 16 0.75000
88 17 1.33333
88 18 0.75000
88 19 0.75000
88 20 1.33333
88 21 0.75000
89 0 0.75000
89 1 0.75000
89 2 0.75000
89 3 0.75000
89 4 0.75000
89 5 0.75000
89 6 0.75000
89 7 0.75000
89 8 0.75000
89 9 0.75000
89 10 0.75000
89 11 0.75000
89 12 0.75000
89 13 0.75000
89 14 0.75000
89 15 0.75000
89 16 0.75000
89 17 0.75000
89 18 0.75000
89 19 0.75000
89 20 0.75000
89 21 0.75000
89 22 0.75000
89 23 0.75000
89 24 0.75000
89 25 0.75000
89 26 0.75000
89 27 0.75000
89 28 0.75000
89 29 0.75000
89 30 0.75000
89 31 0.75000
89 32 0.75000
89 33 0.75000
89 34 0.75000
89 35 0.75000
89 36 0.75000
89 37 0.75000
89 38 0.75000
89 39 0.75000
89 40 0.75000
89 41 0.75000
89 42 0.75000
89 43 0.75000
89 44 0.75000
89 45 0.75000
89 46 0.75000
89 47 0.75000
89 48 0.75000
89 49 0.75000
89 50 0.75000
89 51 0.75000
89 52 0.75000
89 53 0.75000
89 54 0.75000
89 55 0.75000
89 56 0.75000
89 57 0.75000
89 58 0.75000
89 59 0.75000
89 60 0.75000
89 61 0.75000
89 62 0.75000
89 63 0.75000
89 64 1.33333
89 65 0.75000
89 66 0.75000
89 67 0.75000
89 68 0.75000
89 69 0.75000
89 70 0.75000
89 71 1.33333
89 72 0.75000
89 73 0.75000
89 74 0.75000
89 75 0.75000
89 76 0.75000
89 77 0.75000
89 78 1.33333
89 79 1.33333
89 80 0.75000
89 81 0.75000
89 82 0.75000
89 83 0.75000
89 84 0.75000
89 85 0.75000
89 86 0.75000
89 87 0.75000
89 88 0.75000
89 89 0.75000
89 90 0.75000
89 91 0.75000
89 92 0.75000
89 93 0.75000
89 94 0.75000
89 95 0.75000
89 96 0.75000
89 97 0.75000
89 98 0.75000
89 99 0.75000
89 100 0.75000
89 101 0.75000
89 102 0.75000
89 103 0.75000
89 104 0.75000
89 105 0.75000
89 106 0.75000
89 107 0.75000
89 108 0.75000
89 109 0.75000
89 110 0.75000
89 111 0.75000
89 112 0.75000
89 113 0.75000
89 114 0.75000
89 115 0.75000
89 116 0.75000
89 117 0.75000
89 118 0.75000
89 119 0.75000
89 120 1.33333
89 121 1.33333
89 122 1.33333
89 123 1.33333
89 124 0.75000
89 125 0.75000
89 126 0.75000
89 127 0.75000
89 128 0.75000
89 129 0.75000
89 130 0.75000
89 131 0.75000
89 132 0.75000
89 133 0.75000
89 134 0.75000
89 135 0.75000
89 136 0.75000
89 137 0.75000
89 138 0.75000
89 139 0.75000
89 140 0.75000
89 141 0.75000
89 142 1.33333
89 143 1.33333
89 144 1.33333
89 145 1.33333
89 146 1.33333
89 147 1.33333
89 148 1.33333
89 149 1.33333
89 150 0.75000
89 151 0.75000
89 152 0.75000
90 0 1.33333
91 0 0.75000
91 1 0.75000
92 0 1.33333
93 0 1.33333
93 1 1.33333
93 2 1.33333
93 3 1.33333
93 4 1.33333
93 5 1.33333
93 6 1.33333
93 7 1.33333
93 8 1.33333
93 9 1.33333
94 0 0.75000
94 1 0.75000
95 0 1.33333
95 1 1.00000
95 2 1.33333
95 3 1.33333
95 4 0.56667
95 5 0.56667
95 6 0.56667
95 7 0.56667
95 8 0.56667
95 9 1.33333
95 10 1.33333
96 0 1.33333
97 0 1.33333
97 1 1.33333
98 0 1.33333
98 1 1.33333
98 2 1.00000
98 3 1.33333
98 4 1.33333
98 5 1.33333
98 6 1.33333
99 0 1.33333
99 1 1.33333
99 2 1.33333
99 3 1.33333
99 4 1.33333
99 5 1.33333
100 0 0.75000
100 1 0.75000
101 0 1.33333
101 1 1.33333
101 2 1.33333
101 3 1.33333
101 4 1.33333
101 5 1.33333
102 0 0.75000
102 1 0.75000
102 2 0.75000
102 3 0.75000
103 0 1.00000
104 0 1.33333
104 1 1.33333
105 0 1.33333
105 1 1.33333
105 2 1.33333
105 3 1.33333
105 4 1.33333
105 5 1.33333
105 6 1.33333
106 0 1.33333
106 1 1.33333
107 0 1.00000
108 0 1.33333
108 1 1.33333
108 2 1.33333
108 3 1.33333
108 4 1.33333
108 5 1.33333
108 6 1.33333
108 7 1.33333
108 8 1.33333
108 9 1.33333
108 10 1.33333
108 11 1.33333
108 12 0.66667
109 0 1.33333
110 0 1.33333
110 1 1.33333
110 2 1.33333
110 3 1.33333
111 0 1.50000
112 0 1.50000
113 0 1.50000
114 0 1.00000
114 1 1.33333
114 2 1.33333
115 0 1.33333
115 1 1.33333
115 2 1.33333
115 3 1.33333
115 4 1.33333
115 5 1.33333
115 6 1.33333
115 7 1.33333
115 8 1.33333
115 9 1.33333
115 10 1.33333
116 0 1.33333
116 1 1.33333
117 0 1.33333
117 1 1.33333
118 0 1.33333
118 1 1.33333
118 2 1.33333
118 3 1.33333
118 4 1.33333
119 0 1.33333
119 1 1.33333
120 0 1.33333
120 1 1.33333
121 0 1.33333
121 1 1.33333
122 0 1.33333
122 1 1.33333
123 0 1.33333
123 1 1.33333
123 2 1.33333
124 0 1.33333
124 1 1.33333
124 2 1.33333
124 3 1.33333
124 4 1.33333
124 5 1.33333
124 6 1.33333
124 7 1.33333
124 8 1.33333
124 9 0.75000
125 0 1.33333
126 0 1.33333
126 1 1.33333
127 0 1.33333
127 1 1.33333
127 2 1.33333
127 3 1.00000
127 4 1.33333
127 5 1.33333
127 6 1.33333
127 7 1.33333
127 8 1.33333
127 9 1.33333
127 10 1.33333
127 11 1.33333
127 12 1.33333
127 13 1.33333
127 14 1.33333
127 15 1.33333
127 16 1.33333
127 17 1.33333
128 0 1.00000
129 0 1.33333
129 1 1.50000
130 0 1.00000
131 0 1.33333
131 1 1.33333
131 2 1.33333
131 3 1.33333
131 4 1.33333
131 5 1.33333
132 0 1.00000
133 0 1.50000
134 0 1.33333
134 1 1.33333
134 2 1.33333
134 3 1.33333
135 0 1.33333
135 1 1.33333
135 2 1.33333
135 3 1.33333
135 4 1.33333
135 5 1.33333
136 0 1.33333
136 1 1.33333
137 0 1.33333
138 0 1.33333
138 1 1.33333
138 2 1.33333
138 3 1.33333
139 0 1.33333
139 1 1.33333
139 2 1.33333
139 3 1.33333
140 0 2.18182
140 1 1.33333
140 2 1.33333
140 3 1.33333
141 0 1.33333
142 0 1.33333
142 1 1.33333
142 2 1.33333
142 3 1.33333
142 4 1.33333
143 0 1.33333
143 1 1.33333
144 0 1.33333
144 1 1.33333
144 2 1.33333
144 3 1.33333
144 4 1.33333
144 5 1.33333
144 6 1.33333
144 7 1.33333
144 8 1.33333
144 9 1.33333
144 10 1.33333
144 11 1.33333
145 0 1.33333
145 1 1.33333
146 0 1.33333
146 1 1.33333
146 2 1.33333
146 3 1.33333
147 0 1.33333
147 1 1.33333
147 2 1.33333
147 3 1.33333
148 0 1.33333
148 1 1.33333
149 0 1.33333
149 1 1.33333
150 0 1.33333
150 1 1.33333
150 2 1.33333
150 3 1.33333
151 0 1.00000
152 0 1.33333
152 1 1.33333
152 2 1.33333
152 3 1.33333
152 4 1.33333
152 5 1.33333
152 6 1.33333
152 7 1.33333
152 8 1.33333
152 9 1.33333
153 0 1.33333
153 1 1.33333
154 0 1.33333
155 0 1.33333
156 0 1.50000
157 0 1.00000
157 1 1.00000
157 2 1.00000
157 3 1.33333
157 4 1.33333
157 5 1.33333
157 6 1.33333
158 0 1.33333
158 1 1.33333
158 2 1.33333
158 3 1.33333
158 4 1.33333
158 5 1.33333
159 0 1.33333
159 1 1.33333
160 0 1.00000
160 1 1.00000
161 0 1.33333
161 1 1.33333
161 2 1.33333
161 3 1.33333
161 4 1.33333
162 0 1.33333
163 0 1.33333
164 0 1.00000
164 1 1.00000
164 2 1.00000
164 3 1.00000
164 4 1.00000
165 0 1.00000
165 1 1.33333
166 0 1.00000
167 0 1.00000
168 0 1.00000
168 1 1.00000
169 0 1.33333
169 1 1.33333
169 2 1.33333
169 3 1.33333
169 4 1.33333
169 5 1.33333
169 6 1.33333
169 7 1.33333
169 8 1.33333
169 9 1.33333
169 10 1.33333
169 11 1.33333
169 12 1.33333
169 13 1.33333
169 14 1.33333
170 0 1.33333
170 1 1.33333
170 2 1.33333
170 3 1.33333
170 4 1.33333
171 0 1.33333
171 1 1.33333
171 2 1.33333
171 3 1.33333
171 4 1.33333
172 0 1.33333
172 1 1.33333
173 0 1.33333
173 1 1.33333
174 0 1.33333
174 1 1.33333
174 2 1.33333
174 3 1.33333
174 4 1.33333
174 5 1.33333
174 6 1.33333
174 7 1.33333
174 8 1.33333
174 9 1.33333
174 10 1.33333
174 11 1.33333
174 12 1.33333
174 13 1.33333
175 0 1.33333
175 1 1.33333
175 2 1.33333
175 3 1.33333
176 0 1.33333
176 1 1.33333
176 2 1.33333
176 3 1.33333
176 4 1.33333
176 5 1.33333
176 6 1.33333
176 7 1.33333
176 8 1.33333
176 9 1.33333
177 0 1.33333
177 1 1.33333
177 2 1.33333
177 3 1.33333
177 4 1.33333
177 5 1.33333
178 0 1.33333
178 1 1.33333
178 2 1.33333
178 3 1.33333
178 4 1.33333
178 5 1.33333
178 6 1.33333
178 7 1.33333
178 8 1.33333
178 9 1.33333
179 0 1.33333
179 1 1.33333
180 0 1.33333
180 1 1.33333
180 2 1.33333
180 3 1.33333
180 4 1.33333
180 5 1.33333
180 6 1.33333
180 7 1.33333
180 8 1.33333
180 9 1.33333
180 10 1.33333
180 11 1.33333
180 12 1.33333
180 13 1.33333
180 14 1.33333
180 15 1.33333
180 16 1.33333
180 17 1.33333
180 18 1.33333
180 19 1.33333
181 0 1.33333
181 1 1.33333
181 2 1.33333
182 0 1.33333
182 1 1.33333
182 2 1.33333
182 3 1.33333
183 0 1.33333
183 1 1.33333
183 2 1.33333
183 3 0.66667
184 0 1.66667
184 1 1.66667
184 2 1.33333
184 3 1.33333
184 4 1.33333
184 5 1.33333
184 6 1.33333
184 7 1.33333
184 8 1.33333
184 9 1.33333
184 10 1.33333
184 11 1.33333
184 12 1.33333
184 13 1.33333
184 14 1.33333
184 15 1.33333
184 16 1.33333
184 17 1.33333
184 18 1.33333
185 0 1.33333
185 1 1.33333
186 0 1.33333
186 1 1.33333
186 2 1.33333
186 3 1.33333
186 4 1.33333
186 5 1.33333
186 6 1.33333
186 7 1.33333
186 8 1.33333
187 0 1.33333
187 1 1.33333
188 0 1.00000
188 1 1.00000
188 2 1.33333
188 3 1.33333
188 4 1.33333
188 5 1.33333
188 6 1.33333
188 7 1.33333
188 8 1.33333
188 9 1.33333
188 10 1.33333
188 11 1.33333
188 12 1.33333
188 13 1.33333
188 14 1.33333
188 15 1.33333
188 16 1.33333
188 17 1.33333
188 18 1.33333
188 19 1.33333
188 20 1.33333
188 21 1.33333
188 22 1.33333
188 23 1.33333
188 24 1.33333
188 25 1.33333
188 26 1.33333
188 27 1.33333
188 28 1.33333
188 29 1.33333
188 30 1.33333
189 0 1.00000
189 1 1.33333
189 2 1.33333
190 0 1.33333
190 1 1.33333
190 2 1.33333
190 3 1.33333
190 4 1.33333
190 5 1.33333
190 6 1.33333
190 7 1.33333
190 8 1.33333
190 9 1.33333
191 0 1.33333
191 1 1.33333
191 2 1.33333
191 3 1.33333
192 0 1.00000
192 1 1.00000
192 2 1.00000
192 3 1.33333
192 4 1.33333
192 5 1.33333
192 6 1.33333
192 7 1.33333
192 8 1.33333
192 9 1.33333
192 10 1.33333
192 11 1.33333
192 12 1.33333
192 13 1.33333
192 14 1.33333
192 15 1.66667
192 16 2.00000
192 17 1.33333
192 18 1.33333
192 19 1.33333
192 20 0.75000
192 21 1.33333
192 22 1.33333
192 23 1.33333
192 24 1.33333
192 25 1.33333
192 26 1.33333
192 27 1.33333
192 28 1.33333
192 29 1.33333
192 30 1.33333
192 31 1.33333
192 32 1.33333
192 33 1.33333
192 34 1.33333
192 35 1.33333
192 36 1.33333
192 37 1.33333
192 38 1.33333
192 39 1.33333
192 40 1.33333
192 41 1.33333
192 42 1.33333
192 43 1.33333
193 0 1.00000
193 1 1.00000
193 2 1.33333
193 3 1.33333
193 4 1.33333
193 5 1.33333
193 6 1.33333
193 7 1.33333
193 8 1.33333
193 9 1.33333
193 10 1.33333
193 11 1.33333
193 12 1.33333
193 13 1.33333
193 14 1.33333
193 15 1.33333
193 16 1.00000
193 17 1.00000
193 18 1.00000
193 19 1.00000
194 0 1.33333
194 1 1.33333
195 0 2.26415
195 1 1.57895
195 2 1.33333
195 3 1.33333
195 4 1.33333
195 5 1.33333
196 0 1.66667
196 1 1.00000
196 2 1.33333
196 3 1.33333
196 4 1.33333
196 5 1.33333
196 6 1.33333
196 7 1.33333
196 8 1.33333
196 9 1.33333
196 10 1.33333
196 11 1.33333
196 12 1.33333
196 13 1.33333
196 14 1.33333
196 15 1.33333
196 16 1.33333
196 17 1.33333
196 18 1.33333
196 19 1.33333
197 0 1.33333
197 1 1.33333
198 0 1.33333
198 1 1.33333
198 2 1.33333
198 3 1.33333
198 4 1.33333
198 5 1.33333
198 6 1.33333
198 7 1.33333
198 8 1.33333
198 9 1.33333
198 10 1.33333
198 11 1.33333
198 12 1.33333
198 13 1.33333
198 14 1.33333
198 15 1.33333
198 16 1.33333
198 17 1.33333
198 18 1.33333
198 19 1.33333
198 20 1.33333
198 21 1.33333
198 22 1.33333
198 23 1.33333
198 24 1.33333
198 25 1.33333
198 26 1.33333
198 27 1.33333
199 0 1.33333
199 1 1.33333
199 2 1.33333
199 3 1.33333
200 0 1.50000
201 0 1.33333
201 1 1.33333
201 2 1.33333
201 3 1.33333
202 0 1.00000
202 1 1.33333
202 2 1.00000
202 3 1.33333
202 4 1.33333
202 5 1.33333
202 6 1.33333
202 7 1.33333
202 8 1.33333
202 9 1.00000
202 10 1.00000
202 11 1.00000
202 12 1.00000
202 13 1.00000
202 14 1.33333
202 15 1.33333
202 16 1.33333
202 17 1.33333
202 18 1.33333
202 19 1.33333
202 20 1.33333
202 21 1.33333
202 22 1.33333
203 0 1.33333
203 1 1.33333
203 2 1.33333
204 0 1.33333
204 1 1.33333
204 2 1.33333
204 3 1.33333
204 4 1.33333
204 5 1.33333
204 6 1.33333
204 7 1.33333
205 0 1.00000
205 1 1.00000
206 0 1.42857
206 1 1.57895
206 2 1.00000
206 3 1.00000
206 4 1.00000
206 5 1.33333
206 6 1.33333
206 7 1.33333
206 8 4.44444
206 9 1.60000
207 0 1.00000
207 1 1.33333
207 2 1.33333
207 3 1.33333
208 0 1.00000
208 1 1.33333
208 2 1.33333
209 0 1.00000
209 1 1.00000
209 2 1.00000
209 3 1.00000
210 0 1.00000
210 1 1.00000
210 2 1.33333
210 3 1.33333
210 4 1.00000
210 5 1.00000
210 6 1.00000
210 7 1.00000
210 8 1.00000
210 9 1.00000
210 10 1.00000
210 11 1.00000
210 12 1.00000
210 13 1.00000
210 14 1.00000
210 15 1.00000
210 16 1.00000
210 17 1.00000
210 18 1.00000
210 19 1.00000
210 20 1.00000
210 21 1.00000
210 22 1.33333
210 23 1.33333
211 0 1.00000
211 1 1.00000
211 2 1.00000
211 3 1.00000
211 4 1.00000
211 5 1.00000
212 0 1.00000
212 1 1.00000
212 2 1.33333
212 3 1.33333
212 4 1.00000
213 0 1.00000
213 1 1.00000
213 2 1.00000
213 3 1.00000
213 4 1.00000
213 5 1.00000
213 6 1.00000
213 7 1.00000
213 8 1.00000
213 9 1.00000
213 10 1.00000
213 11 1.00000
213 12 1.00000
213 13 1.00000
213 14 1.00000
213 15 1.00000
214 0 5.21739
214 1 1.00000
214 2 1.00000
214 3 1.00000
214 4 1.00000
214 5 1.00000
214 6 1.00000
214 7 1.00000
215 0 1.00000
215 1 1.33333
215 2 1.33333
215 3 1.00000
215 4 1.00000
215 5 1.00000
216 0 1.00000
216 1 1.00000
216 2 1.00000
216 3 1.00000
216 4 1.00000
216 5 1.00000
216 6 1.00000
217 0 1.00000
217 1 2.92683
217 2 1.00000
217 3 1.00000
217 4 1.00000
217 5 1.00000
217 6 1.00000
217 7 1.00000
218 0 1.00000
218 1 1.33333
218 2 1.33333
218 3 1.33333
218 4 1.33333
218 5 1.33333
218 6 1.33333
219 0 1.00000
219 1 1.00000
219 2 1.00000
219 3 1.00000
219 4 1.00000
219 5 1.00000
219 6 1.00000
219 7 5.45455
219 8 3.63636
219 9 1.00000
219 10 1.00000
219 11 1.00000
220 0 1.00000
220 1 1.00000
221 0 1.00000
221 1 1.00000
221 2 1.00000
221 3 1.00000
221 4 1.00000
221 5 1.00000
222 0 1.00000
223 0 1.00000
224 0 1.00000
224 1 1.00000
224 2 1.00000
225 0 1.00000
225 1 1.00000
225 2 1.00000
225 3 1.00000
225 4 1.00000
225 5 1.00000
225 6 1.00000
226 0 1.00000
226 1 1.00000
226 2 1.00000
226 3 1.00000
226 4 1.00000
226 5 1.00000
226 6 1.00000
226 7 1.00000
227 0 1.00000
228 0 1.00000
228 1 1.00000
228 2 1.00000
229 0 0.75000
229 1 0.75000
230 0 1.00000
230 1 1.00000
230 2 1.00000
231 0 0.75000
231 1 0.75000
231 2 0.75000
232 0 1.00000
232 1 1.00000
233 0 1.00000
234 0 1.00000
234 1 1.00000
234 2 1.00000
234 3 1.00000
234 4 1.00000
234 5 1.00000
234 6 1.00000
234 7 1.00000
234 8 1.00000
234 9 1.00000
234 10 1.00000
234 11 1.00000
234 12 1.00000
234 13 1.00000
234 14 1.00000
234 15 1.00000
235 0 1.00000
235 1 1.00000
236 0 1.00000
236 1 1.00000
237 0 1.00000
237 1 1.00000
237 2 1.00000
237 3 1.00000
238 0 1.00000
238 1 1.00000
238 2 1.00000
238 3 1.00000
238 4 1.00000
238 5 1.00000
238 6 1.00000
238 7 1.00000
238 8 1.00000
239 0 1.00000
239 1 1.00000
239 2 1.00000
239 3 1.00000
240 0 1.00000
241 0 1.00000
241 1 1.00000
241 2 1.00000
241 3 1.00000
241 4 1.00000
241 5 1.00000
241 6 1.00000
241 7 1.00000
241 8 1.00000
242 0 1.00000
242 1 1.00000
242 2 1.00000
242 3 1.00000
242 4 1.00000
242 5 1.00000
242 6 1.00000
242 7 1.00000
243 0 1.00000
243 1 1.00000
243 2 1.00000
243 3 1.00000
243 4 1.00000
243 5 1.00000
243 6 1.00000
243 7 1.00000
243 8 1.00000
243 9 1.00000
243 10 1.00000
244 0 1.00000
245 0 1.00000
245 1 1.00000
245 2 1.00000
245 3 1.00000
245 4 1.00000
245 5 1.00000
245 6 1.00000
245 7 1.00000
245 8 1.00000
245 9 1.00000
245 10 1.00000
246 0 1.00000
246 1 1.00000
247 0 1.00000
247 1 1.00000
247 2 1.00000
247 3 1.00000
247 4 1.00000
247 5 1.00000
247 6 1.00000
247 7 1.00000
247 8 1.00000
247 9 1.00000
247 10 1.00000
248 0 0.75000
249 0 1.00000
249 1 1.00000
249 2 1.00000
249 3 1.00000
249 4 1.00000
249 5 1.00000
249 6 1.00000
249 7 1.00000
249 8 1.00000
250 0 1.00000
250 1 1.00000
250 2 1.00000
250 3 1.00000
250 4 1.00000
250 5 1.00000
250 6 1.00000
250 7 1.00000
250 8 1.00000
250 9 1.00000
250 10 1.00000
250 11 1.00000
250 12 1.00000
250 13 1.00000
250 14 1.00000
250 15 1.00000
250 16 1.00000
250 17 1.00000
250 18 1.00000
250 19 1.00000
250 20 1.00000
251 0 1.00000
251 1 1.00000
251 2 1.00000
251 3 1.00000
252 0 1.00000
252 1 1.00000
252 2 1.00000
253 0 1.00000
253 1 1.00000
253 2 1.00000
253 3 1.00000
253 4 1.00000
253 5 1.00000
253 6 1.00000
253 7 1.00000
254 0 1.00000
255 0 1.00000
256 0 1.00000
256 1 1.00000
256 2 1.00000
256 3 1.00000
256 4 1.00000
256 5 1.00000
257 0 1.00000
258 0 1.33333
259 0 0.75000
260 0 1.33333
260 1 1.33333
260 2 1.33333
260 3 1.33333
261 0 1.33333
262 0 2.66667
263 0 1.00000
264 0 1.33333
264 1 1.00000
265 0 1.00000
266 0 1.33333
266 1 1.33333
266 2 1.33333
267 0 0.75000
268 0 1.33333
268 1 1.33333
268 2 1.00000
268 3 1.00000
269 0 1.33333
269 1 1.33333
269 2 1.33333
269 3 1.33333
269 4 1.33333
270 0 0.75000
270 1 0.75000
270 2 0.75000
270 3 0.75000
271 0 1.33333
272 0 0.75000
273 0 0.75000
273 1 0.75000
273 2 0.75000
273 3 0.75000
274 0 1.33333
275 0 0.75000
275 1 0.75000
276 0 0.75000
276 1 0.75000
277 0 0.75000
277 1 0.75000
277 2 0.75000
278 0 0.75000
279 0 0.75000
279 1 0.75000
279 2 0.75000
279 3 0.75000
280 0 0.75000
280 1 0.75000
280 2 0.75000
280 3 0.75000
280 4 0.75000
280 5 0.75000
280 6 0.75000
281 0 0.75000
281 1 0.75000
282 0 0.75000
282 1 0.75000
283 0 0.75000
283 1 0.75000
284 0 1.33333
284 1 1.33333
284 2 1.33333
285 0 0.75000
285 1 0.75000
286 0 1.33333
286 1 0.75000
286 2 0.75000
286 3 1.33333
286 4 0.75000
286 5 0.75000
286 6 0.75000
287 0 0.75000
287 1 1.33333
287 2 0.75000
287 3 0.75000
287 4 0.75000
287 5 0.75000
287 6 0.75000
287 7 0.75000
287 8 1.33333
287 9 0.75000
288 0 0.75000
288 1 0.75000
288 2 0.75000
289 0 0.75000
289 1 0.75000
289 2 0.75000
289 3 0.75000
290 0 0.75000
291 0 0.75000
292 0 1.33333
293 0 0.75000
293 1 0.75000
294 0 0.75000
294 1 0.75000
295 0 0.75000
295 1 0.75000
296 0 1.33333
296 1 1.33333
296 2 1.33333
297 0 1.33333
298 0 1.33333
299 0 1.33333
300 0 1.33333
300 1 1.33333
300 2 1.33333
300 3 1.33333
300 4 1.33333
300 5 1.33333
